10   29.3615
11   33.2385
12   37.3229
13   41.5261
14   45.2044
15   49.8567
16   54.0109
17   58.5267
18   63.0066
19   67.176
20   71.5516
21   76.3712
22   80.9514
23   85.7503
24   90.6625
25   95.6831
26   100.117
27   104.993
28   110.004
29   114.655
30   120.78
31   124.439
32   129.458
33   135.042
34   140.196
35   144.978
36   150.956
37   155.752
38   159.892
39   165.354
40   170.922
41   176.313
42   181.178
43   187.112
44   191.859
45   198.118
46   203.479
47   208.54
48   213.967
49   218.872
50   223.928
51   230.896
52   235.605
53   241.423
54   247.797
55   251.566
56   259.282
57   264.438
58   269.269
59   275.833
60   281.455
61   286.485
62   291.869
63   296.982
64   303.858
65   310.361
66   315.945
67   320.537
68   325.726
69   333.806
70   338.641
71   344.669
72   349.96
73   357.548
74   362.055
75   368.168
76   373.394
77   378.127
78   385
79   391.66
80   397.072
81   402.768
82   407.852
83   415.036
84   420.275
85   426.641
86   431.438
87   439.057
88   443.423
89   451.848
90   456.577
91   464.88
92   470.766
93   478.174
94   479.872
95   488.537
96   494.359
97   500.666
98   506.05
99   511.885
100   516.079
