10   4.665
11   4.8469
12   5.0368
13   5.1929
14   5.3996
15   5.5692
16   5.6787
17   5.8726
18   6.0458
19   6.1501
20   6.2895
21   6.4667
22   6.5851
23   6.7093
24   6.8271
25   6.9202
26   7.0671
27   7.1911
28   7.3575
29   7.4069
30   7.5259
31   7.6498
32   7.7332
33   7.8736
34   7.965
35   8.0803
36   8.2564
37   8.2592
38   8.448
39   8.4787
40   8.6539
41   8.7191
42   8.7657
43   8.933
44   8.9614
45   9.0505
46   9.2352
47   9.2529
48   9.3757
49   9.5034
50   9.5213
51   9.6282
52   9.7528
53   9.8289
54   9.8893
55   10.0256
56   10.0146
57   10.1428
58   10.1598
59   10.2833
60   10.4167
61   10.5363
62   10.5185
63   10.5385
64   10.6857
65   10.7981
66   10.8363
67   10.8706
68   11.0205
69   11.0294
70   11.074
71   11.2229
72   11.2932
73   11.3251
74   11.5816
75   11.6169
76   11.5879
77   11.7234
78   11.7983
79   11.8396
80   11.8628
81   12.0481
82   11.993
83   12.0626
84   12.1321
85   12.3328
86   12.3705
87   12.3254
88   12.4755
89   12.5792
90   12.5745
91   12.5738
92   12.6315
93   12.8154
94   12.7985
95   12.8667
96   12.7714
97   13.0008
98   13.0466
99   13.205
100   13.1273
