10  28.3887
11  31.4223
12  34.4535
13  37.4209
14  40.8424
15  43.4992
16  46.6651
17  49.5973
18  52.4999
19  55.9591
20  58.7671
21  61.7608
22  65.3414
23  68.1071
24  71.136
25  73.813
26  77.2558
27  79.743
28  82.9328
29  85.4978
30  89.8307
31  92.218
32  94.9819
33  98.2912
34  101.477
35  104.091
36  106.594
37  110.905
38  113.25
39  115.956
40  119.552
41  122.326
42  125.374
43  128.282
44  131.062
45  134.133
46  136.927
47  141.16
48  143.424
49  146.534
50  149.461
51  151.796
52  155.866
53  159.282
54  161.689
55  164.506
56  167.556
57  170.085
58  172.651
59  177.35
60  179.021
61  182.226
62  185.793
63  187.538
64  190.336
65  195.494
66  197.858
67  201.246
68  202.949
69  206.055
70  209.574
71  212.425
72  216.9
73  217.456
74  220.89
75  225.702
76  227.336
77  231.14
78  234.919
79  236.775
80  239.139
81  242.828
82  247.163
83  249.131
84  251.922
85  253.939
86  259.055
87  259.995
88  263.701
89  268.399
90  269.604
91  272.582
92  276.532
93  279.458
94  281.935
95  283.101
96  290.61
97  290.048
98  292.676
99  296.363
100  300.918
