0   0
10   0
20   0
30   0
40   0
50   0
60   0
70   0
80   0
90   0
100   111
110   38
120   81
130   103
140   123
150   164
160   176
170   203
180   263
190   298
200   329
210   345
220   359
230   364
240   372
250   425
260   425
270   413
280   426
290   394
300   364
310   369
320   337
330   304
340   313
350   283
360   281
370   249
380   226
390   232
400   188
410   177
420   153
430   135
440   135
450   112
460   93
470   82
480   76
490   74
500   55
510   44
520   46
530   40
540   32
550   30
560   17
570   22
580   19
590   14
600   14
610   14
620   12
630   11
640   9
650   6
660   8
670   3
680   2
690   0
700   1
710   1
720   1
730   1
740   0
750   1
760   0
770   2
780   0
790   0
800   0
810   0
820   0
830   0
840   0
850   0
860   0
870   0
880   0
890   0
900   0
910   0
920   0
930   0
940   0
950   0
960   0
970   0
980   0
990   0
