10  22.513
11  27.823
12  32.912
13  38.805
14  45.516
15  52.241
16  60.653
17  67.655
18  76.224
19  85.862
20  95.323
21  104.64
22  114.64
23  126.977
24  139.408
25  149.517
26  161.941
27  174.401
28  189.211
29  202.856
30  215.917
31  231.776
32  245.886
33  264.516
34  281.003
35  296.333
36  315.165
37  332.923
38  352.436
39  369.686
40  391.035
41  408.016
42  433.717
43  452.88
44  473.504
45  495.638
46  517.877
47  540.816
48  562.52
49  588.563
50  614.751
51  635.11
52  664.595
53  686.849
54  714.524
55  744.107
56  766.591
57  799.275
58  823.933
59  854.502
60  887.491
61  914.798
62  944.575
63  977.931
64  1003.87
65  1037.09
66  1071.26
67  1104.65
68  1139.65
69  1175.9
70  1204.34
71  1239.17
72  1281.94
73  1310.34
74  1353.08
75  1387.23
76  1423.25
77  1453.99
78  1501.94
79  1541.74
80  1584.66
81  1623.64
82  1665.81
83  1698.99
84  1745.43
85  1788.81
86  1822.9
87  1879.35
88  1910.95
89  1965.14
90  2002.87
91  2048.03
92  2087.53
93  2146.63
94  2179.16
95  2231.58
96  2287.61
97  2331.58
98  2381.84
99  2424.96
100  2470.91
