0   0
50   0
100   0
150   0
200   0
250   0
300   0
350   0
400   0
450   0
500   0
550   0
600   0
650   0
700   0
750   0
800   0
850   0
900   0
950   0
1000   0
1050   0
1100   0
1150   0
1200   0
1250   0
1300   0
1350   0
1400   0
1450   0
1500   0
1550   0
1600   0
1650   0
1700   0
1750   0
1800   0
1850   0
1900   1
1950   1
2000   3
2050   4
2100   20
2150   19
2200   47
2250   55
2300   77
2350   98
2400   109
2450   138
2500   115
2550   88
2600   68
2650   73
2700   39
2750   18
2800   14
2850   8
2900   4
2950   0
3000   1
3050   0
3100   0
3150   0
3200   0
3250   0
3300   0
3350   0
3400   0
3450   0
3500   0
3550   0
3600   0
3650   0
3700   0
3750   0
3800   0
3850   0
3900   0
3950   0
4000   0
4050   0
4100   0
4150   0
4200   0
4250   0
4300   0
4350   0
4400   0
4450   0
4500   0
4550   0
4600   0
4650   0
4700   0
4750   0
4800   0
4850   0
4900   0
4950   0
