10  22.488
11  27.399
12  33.255
13  39.191
14  45.383
15  52.875
16  60.29
17  68.02
18  75.971
19  85.397
20  94.101
21  104.954
22  115.754
23  126.021
24  138.684
25  150.952
26  161.728
27  173.067
28  187.134
29  203.008
30  216.711
31  232.07
32  248.718
33  262.231
34  280.048
35  299.127
36  313.191
37  332.347
38  352.108
39  370.596
40  390.786
41  410.298
42  428.237
43  450.581
44  475.551
45  495.385
46  517.002
47  538.288
48  563.837
49  589.867
50  612.787
51  637.101
52  660.972
53  685.9
54  719.317
55  739.469
56  769.326
57  800.09
58  824.555
59  858.796
60  885.483
61  914.163
62  948.678
63  976.87
64  1008.16
65  1040.43
66  1075.16
67  1105.63
68  1139.46
69  1173.7
70  1208.3
71  1251.14
72  1273.52
73  1317.4
74  1346.93
75  1390.64
76  1425.6
77  1461.3
78  1503.49
79  1543.39
80  1577.2
81  1616.24
82  1661.58
83  1699.06
84  1744.37
85  1781.51
86  1833.03
87  1868.88
88  1913.86
89  1956.23
90  2000.23
91  2048.04
92  2089.08
93  2128.71
94  2187.38
95  2232.1
96  2281.35
97  2328.28
98  2377.75
99  2425.46
100  2473.88
